0.0002
0.0006
0.0012
0.002
0.003
0.0042
0.0056
0.007199999
0.008999999
0.011
0.0132
0.0156
0.0182
0.021
0.024
0.0272
0.0306
0.0342
0.038
0.042
0.046
0.05
0.054
0.058
0.062
0.066
0.07
0.074
0.078
0.082
0.086
0.09
0.094
0.098
0.102
0.106
0.11
0.114
0.118
0.122
0.126
0.13
0.134
0.138
0.142
0.146
0.15
0.154
0.1579999
0.1619999
0.1659999
0.1699999
0.1739999
0.1779999
0.1819999
0.1859999
0.1899999
0.1939999
0.1979999
0.2019999
0.2059999
0.2099999
0.2139999
0.2179998
0.2219998
0.2259998
0.2299998
0.2339998
0.2379998
0.2419998
0.2459998
0.2499998
0.2539998
0.2579998
0.2619998
0.2659998
0.2699998
0.2739998
0.2779998
0.2819999
0.2857999
0.2893999
0.2927999
0.2959999
0.2989998
0.3017998
0.3043998
0.3067998
0.3089998
0.3109998
0.3127998
0.3143998
0.3157998
0.3169998
0.3179998
0.3187998
0.3193998
0.3197998
0.3199998
0.3199998
